1.000000000000000000e+00
1.665000000000000036e+00
2.330000000000000071e+00
2.995000000000000107e+00
3.660000000000000142e+00
4.325000000000000178e+00
4.990000000000000213e+00
5.655000000000000249e+00
6.320000000000000284e+00
6.985000000000000320e+00
7.650000000000000355e+00
8.315000000000001279e+00
8.980000000000000426e+00
9.644999999999999574e+00
1.031000000000000050e+01
1.097500000000000142e+01
1.164000000000000057e+01
1.230499999999999972e+01
1.297000000000000064e+01
1.363500000000000156e+01
1.430000000000000071e+01
1.496499999999999986e+01
1.563000000000000078e+01
1.629500000000000171e+01
1.696000000000000085e+01
1.762500000000000000e+01
1.828999999999999915e+01
1.895500000000000185e+01
1.962000000000000099e+01
2.028500000000000014e+01
2.095000000000000284e+01
2.161500000000000199e+01
2.228000000000000114e+01
2.294500000000000028e+01
2.360999999999999943e+01
2.427500000000000213e+01
2.494000000000000128e+01
2.560500000000000043e+01
2.627000000000000313e+01
2.693500000000000227e+01
2.760000000000000142e+01
2.826500000000000057e+01
2.892999999999999972e+01
2.959500000000000242e+01
3.026000000000000156e+01
3.092500000000000071e+01
3.159000000000000341e+01
3.225500000000000256e+01
3.292000000000000171e+01
3.358500000000000085e+01
3.425000000000000000e+01
3.491499999999999915e+01
3.557999999999999829e+01
3.624500000000000455e+01
3.691000000000000369e+01
3.757500000000000284e+01
3.824000000000000199e+01
3.890500000000000114e+01
3.957000000000000028e+01
4.023499999999999943e+01
4.090000000000000568e+01
4.156500000000000483e+01
4.223000000000000398e+01
4.289500000000000313e+01
4.356000000000000227e+01
4.422500000000000142e+01
4.489000000000000057e+01
4.555499999999999972e+01
4.621999999999999886e+01
4.688500000000000512e+01
4.755000000000000426e+01
4.821500000000000341e+01
4.888000000000000256e+01
4.954500000000000171e+01
5.021000000000000085e+01
5.087500000000000000e+01
5.154000000000000625e+01
5.220500000000000540e+01
5.287000000000000455e+01
5.353500000000000369e+01
5.420000000000000284e+01
5.486500000000000199e+01
5.553000000000000114e+01
5.619500000000000028e+01
5.685999999999999943e+01
5.752500000000000568e+01
5.819000000000000483e+01
5.885500000000000398e+01
5.952000000000000313e+01
6.018500000000000227e+01
6.085000000000000142e+01
6.151500000000000057e+01
6.218000000000000682e+01
6.284500000000000597e+01
6.351000000000000512e+01
6.417500000000001137e+01
6.484000000000000341e+01
6.550500000000000966e+01
6.617000000000000171e+01
6.683500000000000796e+01
6.750000000000000000e+01
6.816500000000000625e+01
6.882999999999999829e+01
6.949500000000000455e+01
7.015999999999999659e+01
7.082500000000000284e+01
7.149000000000000909e+01
7.215500000000000114e+01
7.282000000000000739e+01
7.348499999999999943e+01
7.415000000000000568e+01
7.481499999999999773e+01
7.548000000000000398e+01
7.614500000000001023e+01
7.681000000000000227e+01
7.747500000000000853e+01
7.814000000000000057e+01
7.880500000000000682e+01
7.946999999999999886e+01
8.013500000000000512e+01
8.080000000000001137e+01
8.146500000000000341e+01
8.213000000000000966e+01
8.279500000000000171e+01
8.346000000000000796e+01
8.412500000000000000e+01
8.479000000000000625e+01
8.545499999999999829e+01
8.612000000000000455e+01
8.678500000000001080e+01
8.745000000000000284e+01
8.811500000000000909e+01
8.878000000000000114e+01
8.944500000000000739e+01
9.010999999999999943e+01
9.077500000000000568e+01
9.143999999999999773e+01
9.210500000000000398e+01
9.277000000000001023e+01
9.343500000000000227e+01
9.410000000000000853e+01
9.476500000000000057e+01
9.543000000000000682e+01
9.609499999999999886e+01
9.676000000000000512e+01
9.742500000000001137e+01
9.809000000000000341e+01
9.875500000000000966e+01
9.942000000000000171e+01
1.000850000000000080e+02
1.007500000000000000e+02
1.014150000000000063e+02
1.020800000000000125e+02
1.027450000000000045e+02
1.034100000000000108e+02
1.040750000000000028e+02
1.047400000000000091e+02
1.054050000000000011e+02
1.060700000000000074e+02
1.067349999999999994e+02
1.074000000000000057e+02
1.080650000000000119e+02
1.087300000000000040e+02
1.093950000000000102e+02
1.100600000000000023e+02
1.107250000000000085e+02
1.113900000000000006e+02
1.120550000000000068e+02
1.127199999999999989e+02
1.133850000000000051e+02
1.140500000000000114e+02
1.147150000000000034e+02
1.153800000000000097e+02
1.160450000000000017e+02
1.167100000000000080e+02
1.173750000000000000e+02
1.180400000000000063e+02
1.187050000000000125e+02
1.193700000000000045e+02
1.200350000000000108e+02
1.207000000000000028e+02
1.213650000000000091e+02
1.220300000000000011e+02
1.226950000000000074e+02
1.233600000000000136e+02
1.240250000000000057e+02
1.246900000000000119e+02
1.253550000000000040e+02
1.260200000000000102e+02
1.266850000000000023e+02
1.273500000000000085e+02
1.280149999999999864e+02
1.286800000000000068e+02
1.293449999999999989e+02
1.300100000000000193e+02
1.306750000000000114e+02
1.313400000000000034e+02
1.320049999999999955e+02
1.326700000000000159e+02
1.333350000000000080e+02
1.340000000000000000e+02
1.346650000000000205e+02
1.353300000000000125e+02
1.359950000000000045e+02
1.366599999999999966e+02
1.373250000000000171e+02
1.379900000000000091e+02
1.386550000000000011e+02
1.393199999999999932e+02
1.399850000000000136e+02
1.406500000000000057e+02
1.413149999999999977e+02
1.419800000000000182e+02
1.426450000000000102e+02
1.433100000000000023e+02
1.439749999999999943e+02
1.446400000000000148e+02
1.453050000000000068e+02
1.459699999999999989e+02
1.466350000000000193e+02
1.473000000000000114e+02
1.479650000000000034e+02
1.486299999999999955e+02
1.492950000000000159e+02
1.499600000000000080e+02
1.506250000000000000e+02
1.512900000000000205e+02
1.519550000000000125e+02
1.526200000000000045e+02
1.532849999999999966e+02
1.539500000000000171e+02
1.546150000000000091e+02
1.552800000000000011e+02
1.559450000000000216e+02
1.566100000000000136e+02
1.572750000000000057e+02
1.579399999999999977e+02
1.586050000000000182e+02
1.592700000000000102e+02
1.599350000000000023e+02
1.606000000000000227e+02
1.612650000000000148e+02
1.619300000000000068e+02
1.625949999999999989e+02
1.632600000000000193e+02
1.639250000000000114e+02
1.645900000000000034e+02
1.652549999999999955e+02
1.659200000000000159e+02
1.665850000000000080e+02
1.672500000000000000e+02
1.679150000000000205e+02
1.685800000000000125e+02
1.692450000000000045e+02
1.699099999999999966e+02
1.705750000000000171e+02
1.712400000000000091e+02
1.719050000000000011e+02
1.725700000000000216e+02
1.732350000000000136e+02
1.739000000000000057e+02
1.745649999999999977e+02
1.752300000000000182e+02
1.758950000000000102e+02
1.765600000000000023e+02
1.772250000000000227e+02
1.778900000000000148e+02
1.785550000000000068e+02
1.792199999999999989e+02
1.798850000000000193e+02
1.805500000000000114e+02
1.812150000000000034e+02
1.818799999999999955e+02
1.825450000000000159e+02
1.832100000000000080e+02
1.838750000000000000e+02
1.845400000000000205e+02
1.852050000000000125e+02
1.858700000000000045e+02
1.865349999999999966e+02
1.872000000000000171e+02
1.878650000000000091e+02
1.885300000000000011e+02
1.891950000000000216e+02
1.898600000000000136e+02
1.905250000000000057e+02
1.911899999999999977e+02
1.918550000000000182e+02
1.925200000000000102e+02
1.931850000000000023e+02
1.938500000000000227e+02
1.945150000000000148e+02
1.951800000000000068e+02
1.958449999999999989e+02
1.965100000000000193e+02
1.971750000000000114e+02
1.978400000000000034e+02
1.985050000000000239e+02
1.991700000000000159e+02
1.998350000000000080e+02
2.005000000000000000e+02
2.011650000000000205e+02
2.018300000000000125e+02
2.024950000000000045e+02
2.031600000000000250e+02
2.038250000000000171e+02
2.044900000000000091e+02
2.051550000000000011e+02
2.058200000000000216e+02
2.064850000000000136e+02
2.071500000000000057e+02
2.078149999999999977e+02
2.084800000000000182e+02
2.091450000000000102e+02
2.098100000000000023e+02
2.104750000000000227e+02
2.111400000000000148e+02
2.118050000000000068e+02
2.124699999999999989e+02
2.131350000000000193e+02
2.138000000000000114e+02
2.144650000000000034e+02
2.151300000000000239e+02
2.157950000000000159e+02
2.164600000000000080e+02
2.171250000000000000e+02
2.177900000000000205e+02
2.184550000000000125e+02
2.191200000000000045e+02
2.197850000000000250e+02
2.204500000000000171e+02
2.211150000000000091e+02
2.217800000000000011e+02
2.224450000000000216e+02
2.231100000000000136e+02
2.237750000000000057e+02
2.244399999999999977e+02
2.251050000000000182e+02
2.257700000000000102e+02
2.264350000000000023e+02
2.271000000000000227e+02
2.277650000000000148e+02
2.284300000000000068e+02
2.290949999999999989e+02
2.297600000000000193e+02
2.304250000000000114e+02
2.310900000000000034e+02
2.317550000000000239e+02
2.324200000000000159e+02
2.330850000000000080e+02
2.337500000000000000e+02
2.344150000000000205e+02
2.350800000000000125e+02
2.357450000000000045e+02
2.364100000000000250e+02
2.370750000000000171e+02
2.377400000000000091e+02
2.384050000000000011e+02
2.390700000000000216e+02
2.397350000000000136e+02
2.404000000000000057e+02
2.410650000000000261e+02
2.417300000000000182e+02
2.423950000000000102e+02
2.430600000000000023e+02
2.437250000000000227e+02
2.443900000000000148e+02
2.450550000000000068e+02
2.457200000000000273e+02
2.463850000000000193e+02
2.470500000000000114e+02
2.477150000000000034e+02
2.483800000000000239e+02
2.490450000000000159e+02
2.497100000000000080e+02
2.503750000000000000e+02
2.510400000000000205e+02
2.517050000000000125e+02
2.523700000000000045e+02
2.530350000000000250e+02
2.537000000000000171e+02
2.543650000000000091e+02
2.550300000000000011e+02
2.556950000000000216e+02
2.563600000000000136e+02
2.570250000000000341e+02
2.576899999999999977e+02
2.583550000000000182e+02
2.590200000000000387e+02
2.596850000000000023e+02
2.603500000000000227e+02
2.610149999999999864e+02
2.616800000000000068e+02
2.623450000000000273e+02
2.630099999999999909e+02
2.636750000000000114e+02
2.643400000000000318e+02
2.650049999999999955e+02
2.656700000000000159e+02
2.663350000000000364e+02
2.670000000000000000e+02
2.676650000000000205e+02
2.683300000000000409e+02
2.689950000000000045e+02
2.696600000000000250e+02
2.703249999999999886e+02
2.709900000000000091e+02
2.716550000000000296e+02
2.723199999999999932e+02
2.729850000000000136e+02
2.736500000000000341e+02
2.743149999999999977e+02
2.749800000000000182e+02
2.756450000000000387e+02
2.763100000000000023e+02
2.769750000000000227e+02
2.776399999999999864e+02
2.783050000000000068e+02
2.789700000000000273e+02
2.796349999999999909e+02
2.803000000000000114e+02
2.809650000000000318e+02
2.816299999999999955e+02
2.822950000000000159e+02
2.829600000000000364e+02
2.836250000000000000e+02
2.842900000000000205e+02
2.849550000000000409e+02
2.856200000000000045e+02
2.862850000000000250e+02
2.869499999999999886e+02
2.876150000000000091e+02
2.882800000000000296e+02
2.889449999999999932e+02
2.896100000000000136e+02
2.902750000000000341e+02
2.909399999999999977e+02
2.916050000000000182e+02
2.922700000000000387e+02
2.929350000000000023e+02
2.936000000000000227e+02
2.942650000000000432e+02
2.949300000000000068e+02
2.955950000000000273e+02
2.962599999999999909e+02
2.969250000000000114e+02
2.975900000000000318e+02
2.982549999999999955e+02
2.989200000000000159e+02
2.995850000000000364e+02
3.002500000000000000e+02
3.009150000000000205e+02
3.015800000000000409e+02
3.022450000000000045e+02
3.029100000000000250e+02
3.035749999999999886e+02
3.042400000000000091e+02
3.049050000000000296e+02
3.055699999999999932e+02
3.062350000000000136e+02
3.069000000000000341e+02
3.075649999999999977e+02
3.082300000000000182e+02
3.088950000000000387e+02
3.095600000000000023e+02
3.102250000000000227e+02
3.108900000000000432e+02
3.115550000000000068e+02
3.122200000000000273e+02
3.128849999999999909e+02
3.135500000000000114e+02
3.142150000000000318e+02
3.148799999999999955e+02
3.155450000000000159e+02
3.162100000000000364e+02
3.168750000000000000e+02
3.175400000000000205e+02
3.182050000000000409e+02
3.188700000000000045e+02
3.195350000000000250e+02
3.202000000000000455e+02
3.208650000000000091e+02
3.215300000000000296e+02
3.221949999999999932e+02
3.228600000000000136e+02
3.235250000000000341e+02
3.241899999999999977e+02
3.248550000000000182e+02
3.255200000000000387e+02
3.261850000000000023e+02
3.268500000000000227e+02
3.275150000000000432e+02
3.281800000000000068e+02
3.288450000000000273e+02
3.295099999999999909e+02
3.301750000000000114e+02
3.308400000000000318e+02
3.315049999999999955e+02
3.321700000000000159e+02
3.328350000000000364e+02
3.335000000000000000e+02
3.341650000000000205e+02
3.348300000000000409e+02
3.354950000000000045e+02
3.361600000000000250e+02
3.368250000000000455e+02
3.374900000000000091e+02
3.381550000000000296e+02
3.388199999999999932e+02
3.394850000000000136e+02
3.401500000000000341e+02
3.408149999999999977e+02
3.414800000000000182e+02
3.421450000000000387e+02
3.428100000000000023e+02
3.434750000000000227e+02
3.441400000000000432e+02
3.448050000000000068e+02
3.454700000000000273e+02
3.461349999999999909e+02
3.468000000000000114e+02
3.474650000000000318e+02
3.481299999999999955e+02
3.487950000000000159e+02
3.494600000000000364e+02
3.501250000000000000e+02
3.507900000000000205e+02
3.514550000000000409e+02
3.521200000000000045e+02
3.527850000000000250e+02
3.534500000000000455e+02
3.541150000000000091e+02
3.547800000000000296e+02
3.554449999999999932e+02
3.561100000000000136e+02
3.567750000000000341e+02
3.574399999999999977e+02
3.581050000000000182e+02
3.587700000000000387e+02
3.594350000000000023e+02
3.601000000000000227e+02
3.607650000000000432e+02
3.614300000000000068e+02
3.620950000000000273e+02
3.627599999999999909e+02
3.634250000000000114e+02
3.640900000000000318e+02
3.647549999999999955e+02
3.654200000000000159e+02
3.660850000000000364e+02
3.667500000000000000e+02
3.674150000000000205e+02
3.680800000000000409e+02
3.687450000000000045e+02
3.694100000000000250e+02
3.700750000000000455e+02
3.707400000000000091e+02
3.714050000000000296e+02
3.720699999999999932e+02
3.727350000000000136e+02
3.734000000000000341e+02
3.740649999999999977e+02
3.747300000000000182e+02
3.753950000000000387e+02
3.760600000000000023e+02
3.767250000000000227e+02
3.773900000000000432e+02
3.780550000000000068e+02
3.787200000000000273e+02
3.793850000000000477e+02
3.800500000000000114e+02
3.807150000000000318e+02
3.813799999999999955e+02
3.820450000000000159e+02
3.827100000000000364e+02
3.833750000000000000e+02
3.840400000000000205e+02
3.847050000000000409e+02
3.853700000000000045e+02
3.860350000000000250e+02
3.867000000000000455e+02
3.873650000000000091e+02
3.880300000000000296e+02
3.886949999999999932e+02
3.893600000000000136e+02
3.900250000000000341e+02
3.906899999999999977e+02
3.913550000000000182e+02
3.920200000000000387e+02
3.926850000000000023e+02
3.933500000000000227e+02
3.940150000000000432e+02
3.946800000000000068e+02
3.953450000000000273e+02
3.960100000000000477e+02
3.966750000000000114e+02
3.973400000000000318e+02
3.980049999999999955e+02
3.986700000000000159e+02
3.993350000000000364e+02
4.000000000000000000e+02
