depth	pressure	sgas	dz
19.4	6.45383	0	30.8
50.2	9.4754	0	30.8
81	12.4974	0	30.8
111.8	15.5199	0	30.8
142.6	18.5428	0	30.8
173.4	21.5661	0	30.8
204.2	24.5899	0	30.8
235	27.6142	0	30.8
265.8	30.6389	0	30.8
296.6	33.6641	0	30.8
317	35.668	0	10
327	36.6504	0	10
337	37.6328	0	10
347	38.7398	0	10
357	39.9684	0	10
367	41.194	0	10
377	42.4169	0	10
387	43.6371	0	10
397	44.8546	0	10
407	46.0695	0	10
417	47.2818	0	10
427	48.4916	0	10
437	49.699	0	10
447	50.904	0	10
457	52.1066	0	10
467	53.307	0	10
477	54.5051	0	10
487	55.7009	0	10
497	56.8946	0	10
507	58.0862	0	10
517	59.2776	0	10
527	60.6734	0.0225244	10
537	61.9259	0.0497091	10
547	63.1059	0.0717937	10
557	64.2361	0.0919519	10
567	65.0819	1	10
577	65.9175	1	10
587	66.751	1	10
597	67.5848	0.999999	10
607	68.4164	0.999999	10
617	69.2457	0.999999	10
627	70.0729	0.999999	10
637	70.898	0.999999	10
647	71.721	0.999998	10
657	72.5418	0.999998	10
667	73.3602	0.999998	10
677	74.1764	0.999998	10
687	74.9904	0.999997	10
697	75.8022	0.999997	10
707	76.6119	0.999997	10
717	77.4193	0.999997	10
727	78.2244	0.999997	10
737	79.0271	0.999996	10
747	79.8276	0.999996	10
757	80.6258	0.999996	10
767	81.4219	0.999996	10
777	82.2157	0.999996	10
787	83.0071	0.999996	10
797	83.796	0.999995	10
807	84.5826	0.999995	10
817	85.367	0.999995	10
827	86.1491	0.999995	10
837	86.929	0.999995	10
847	87.7065	0.999995	10
857	88.4814	0.999994	10
867	89.2539	0.999994	10
877	90.0241	0.999994	10
887	90.792	0.999994	10
897	91.5576	0.999994	10
907	92.3208	0.999994	10
917	93.0815	0.999994	10
927	93.8396	0.999993	10
937	94.5953	0.999993	10
947	95.3488	0.999993	10
957	96.1	0.999993	10
967	96.8488	0.999993	10
977	97.5949	0.999992	10
987	98.3384	0.999992	10
997	99.0795	0.999992	10
1007	99.8183	0.999992	10
1017	100.555	0.999992	10
1027	101.289	0.999992	10
1037	102.021	0.999992	10
1047	102.749	0.999991	10
1057	103.476	0.999991	10
1067	104.2	0.999991	10
1077	104.921	0.999991	10
1087	105.641	0.999991	10
1097	106.357	0.999991	10
1107	107.071	0.99999	10
1117	107.783	0.999987	10
1127	108.494	0.999987	10
1137	109.202	0.999986	10
1147	109.908	0.999986	10
1157	110.612	0.999986	10
1167	111.314	0.999985	10
1177	112.013	0.999985	10
1187	112.709	0.999985	10
1197	113.403	0.999984	10
1207	114.096	0.999984	10
1214.5	114.613	0.999984	5
1219.5	114.958	0.952881	5
1224.5	115.303	0.91189	5
1229.5	115.651	0.877441	5
1234.5	115.998	0.845803	5
1239.5	116.343	0.576705	5
1244.5	116.76	0.00565466	5
1249.5	117.225	1.29E-06	5
1254.5	117.707	0	5
1259.5	118.188	0	5
1264.5	118.668	0	5
1269.5	119.147	0	5
1274.5	119.626	0	5
1279.5	120.106	0	5
1284.5	120.585	0	5
1289.5	121.065	0	5
1294.5	121.546	0	5
1299.5	122.026	0	5
1304.5	122.507	0	5
1309.5	122.988	0	5
1314.5	123.47	0	5
1319.5	123.951	0	5
1324.5	124.433	0	5
1329.5	124.916	0	5
1334.5	125.398	0	5
1339.5	125.881	0	5
1344.5	126.364	0	5
1349.5	126.847	0	5
1354.5	127.331	0	5
1359.5	127.815	0	5
1364.5	128.299	0	5
1369.5	128.783	0	5
1374.5	129.266	0	5
1379.5	129.747	0	5
1384.5	130.228	0	5
1389.5	130.71	0	5
1394.5	131.192	0	5
1399.5	131.674	0	5
1404.5	132.156	0	5
1409.5	132.638	0	5
1414.5	133.121	0	5
1419.5	133.604	0	5
1424.5	134.087	0	5
1429.5	134.57	0	5
1434.5	135.053	0	5
1439.5	135.537	0	5
1444.5	136.021	0	5
1449.5	136.505	0	5
1454.5	136.989	0	5
1459.5	137.473	0	5
1464.5	137.958	0	5
1469.5	138.442	0	5
1474.5	138.927	0	5
1479.5	139.412	0	5
1484.5	139.897	0	5
1489.5	140.382	0	5
1494.5	140.868	0	5
1499.5	141.353	0	5
1504.5	141.839	0	5
1509.5	142.325	0	5
1514.5	142.81	0	5
1519.5	143.295	0	5
1527	144.021	0	10
1537	144.988	0	10
1547	145.956	0	10
1557	146.925	0	10
1567	147.894	0	10
1577	148.864	0	10
1587	149.834	0	10
1597	150.805	0	10
1607	151.777	0	10
1617	152.749	0	10