depth	pressure	sgas	dz	rhog
19.4	6.45785	0	30.8	12.9483
50.2	9.47942	0	30.8	19.3597
81	12.5014	0	30.8	26.197
111.8	15.5239	0	30.8	33.2393
142.6	18.5468	0	30.8	40.8613
173.4	21.5702	0	30.8	48.9129
204.2	24.594	0	30.8	57.4179
235	27.6182	0	30.8	66.9437
265.8	3.06E+01	0	30.8	77.0092
296.6	3.37E+01	3.13E-05	30.8	8.88E+01
317	3.58E+01	2.51E-05	10	1.99E+02
327	3.68E+01	2.65E-05	10	3.60E+02
337	37.7547	3.21E-05	10	5.19E+02
347	39.4927	0.187985	10	687.281
357	41.0733	0.366267	10	693.013
367	42.46	0.444658	10	694.792
377	43.8025	0.48454	10	759.794
387	45.1994	0.504848	10	884.785
397	46.6349	0.520995	10	883.539
407	48.0538	0.532534	10	882.115
417	49.4598	0.541528	10	880.703
427	50.8546	0.549265	10	879.302
437	52.239	0.55648	10	877.91
447	53.6135	0.563562	10	876.594
457	54.9783	0.570681	10	875.355
467	56.3336	0.577862	10	873.897
477	57.6796	0.585027	10	872.354
487	59.0165	0.592012	10	870.901
497	60.3452	0.598543	10	869.511
507	61.6666	0.604228	10	868.08
517	62.9805	0.610575	10	866.722
527	64.286	0.618538	10	865.358
537	65.5818	0.628294	10	863.795
547	66.8665	0.640122	10	862.222
557	68.1388	0.654655	10	860.726
567	69.1466	1	10	859.007
577	69.9881	1	10	857.046
587	70.8276	0.999999	10	855.053
597	71.6718	0.999999	10	852.791
607	72.5137	0.999998	10	850.598
617	73.3536	0.999997	10	848.472
627	74.1913	0.999997	10	846.414
637	75.0271	0.999996	10	844.424
647	75.8608	0.999995	10	842.389
657	76.6924	0.999995	10	840.141
667	77.5218	0.999994	10	837.882
677	78.349	0.999994	10	835.698
687	79.1741	0.999993	10	833.591
697	79.9972	0.999992	10	831.56
707	80.8182	0.999992	10	829.48
717	81.637	0.999991	10	827.258
727	82.4536	0.999991	10	824.928
737	83.268	0.99999	10	822.683
747	84.0802	0.99999	10	820.523
757	84.8903	0.999989	10	818.447
767	85.6983	0.999989	10	816.336
777	86.5042	0.999988	10	814.152
787	87.3078	0.999988	10	811.75
797	88.1091	0.999987	10	809.44
807	88.9081	0.999987	10	807.224
817	89.7051	0.999986	10	805.101
827	90.4999	0.999986	10	802.979
837	91.2926	0.999986	10	800.844
847	92.083	0.999985	10	798.367
857	92.8711	0.999985	10	795.991
867	93.6568	0.999984	10	793.716
877	94.4403	0.999984	10	791.542
887	95.2218	0.999984	10	789.437
897	96.0011	0.999983	10	787.249
907	96.7781	0.999983	10	784.811
917	97.5527	0.999982	10	782.369
927	98.325	0.999982	10	780.034
937	99.095	0.999982	10	777.806
947	99.8629	0.999981	10	775.686
957	100.629	0.999981	10	773.511
967	101.392	0.999981	10	771.123
977	102.153	0.99998	10	768.615
987	102.912	0.99998	10	766.219
997	103.668	0.99998	10	763.935
1007	104.422	0.999979	10	761.765
1017	105.174	0.999979	10	759.681
1027	105.924	0.999979	10	757.352
1037	106.672	0.999978	10	754.779
1047	107.417	0.999978	10	752.323
1057	108.159	0.999978	10	749.983
1067	108.9	0.999977	10	747.758
1077	109.638	0.999977	10	745.649
1087	110.374	0.999977	10	743.552
1097	111.108	0.999976	10	740.92
1107	111.839	0.999976	10	738.406
1117	112.568	0.999974	10	736.01
1127	113.299	0.999974	10	733.744
1137	114.029	0.999973	10	731.596
1147	114.756	0.999972	10	729.565
1157	115.481	0.999971	10	727.154
1167	116.204	0.99997	10	724.606
1177	116.925	0.999969	10	722.175
1187	117.643	0.999968	10	719.861
1197	118.359	0.999968	10	717.663
1207	119.074	0.999967	10	715.582
1214.5	119.608	0.999967	5	713.987
1219.5	119.963	0.999905	5	712.821
1224.5	120.314	0.999896	5	711.579
1229.5	120.662	0.999894	5	710.302
1234.5	121.01	0.999894	5	709.051
1239.5	121.358	0.999895	5	707.828
1244.5	121.705	0.999896	5	706.633
1249.5	122.051	0.999896	5	705.465
1254.5	122.397	0.999897	5	704.324
1259.5	122.742	0.999897	5	703.211
1264.5	123.086	0.999898	5	702.125
1269.5	123.43	0.999899	5	701.067
1274.5	123.774	0.999899	5	700.035
1279.5	124.117	0.9999	5	698.83
1284.5	124.459	0.9999	5	697.658
1289.5	124.801	0.999901	5	696.522
1294.5	125.142	0.999902	5	695.4
1299.5	125.483	0.999902	5	694.161
1304.5	125.823	0.999902	5	692.948
1309.5	126.163	0.0013685	5	691.762
1314.5	126.652	0	5	691.07
1319.5	127.143	0	5	690.418
1324.5	127.633	0	5	689.805
1329.5	128.123	0	5	689.232
1334.5	128.612	0	5	688.697
1339.5	129.102	0	5	688.116
1344.5	129.592	0	5	687.494
1349.5	130.082	0	5	686.92
1354.5	130.572	0	5	686.17
1359.5	131.061	0	5	685.449
1364.5	131.551	0	5	684.765
1369.5	132.041	0	5	684.117
1374.5	132.53	0	5	683.506
1379.5	133.02	0	5	682.932
1384.5	133.509	0	5	682.395
1389.5	133.998	0	5	681.894
1394.5	134.488	0	5	681.43
1399.5	134.977	0	5	681.003
1404.5	135.465	0	5	680.318
1409.5	135.954	0	5	679.615
1414.5	136.443	0	5	678.945
1419.5	136.932	0	5	678.309
1424.5	137.42	0	5	677.707
1429.5	137.908	0	5	677.137
1434.5	138.396	0	5	676.601
1439.5	138.884	0	5	676.098
1444.5	139.372	0	5	675.629
1449.5	139.86	0	5	675.193
1454.5	140.347	0	5	674.692
1459.5	140.835	0	5	674.124
1464.5	141.322	0	5	673.53
1469.5	141.81	0	5	672.913
1474.5	142.297	0	5	672.326
1479.5	142.785	0	5	671.769
1484.5	143.272	0	5	671.243
1489.5	143.759	0	5	670.747
1494.5	144.246	0	5	670.282
1499.5	144.734	0	5	669.846
1504.5	145.221	0	5	669.397
1509.5	145.708	0	5	668.841
1514.5	146.195	0	5	668.311
1519.5	146.682	0	5	667.805
1527	147.413	0	10	667.053
1537	148.387	0	10	666.036
1547	149.361	0	10	665.126
1557	150.334	0	10	664.246
1567	151.308	0	10	663.215
1577	152.281	0	10	662.274
1587	153.254	0	10	661.425
1597	154.227	0	10	660.547
1607	155.2	0	10	659.733
1617	156.173	0	10	658.74
