1.000000000000000000e+00
1.798000000000000043e+00
2.596000000000000085e+00
3.394000000000000128e+00
4.192000000000000171e+00
4.990000000000000213e+00
5.788000000000000256e+00
6.586000000000000298e+00
7.384000000000000341e+00
8.182000000000000384e+00
8.980000000000000426e+00
9.778000000000000469e+00
1.057600000000000051e+01
1.137400000000000055e+01
1.217200000000000060e+01
1.297000000000000064e+01
1.376800000000000068e+01
1.456600000000000072e+01
1.536400000000000077e+01
1.616199999999999903e+01
1.696000000000000085e+01
1.775800000000000267e+01
1.855600000000000094e+01
1.935399999999999920e+01
2.015200000000000102e+01
2.095000000000000284e+01
2.174800000000000111e+01
2.254599999999999937e+01
2.334400000000000119e+01
2.414200000000000301e+01
2.494000000000000128e+01
2.573799999999999955e+01
2.653600000000000136e+01
2.733400000000000318e+01
2.813200000000000145e+01
2.892999999999999972e+01
2.972800000000000153e+01
3.052600000000000335e+01
3.132400000000000162e+01
3.212199999999999989e+01
3.292000000000000171e+01
3.371800000000000352e+01
3.451600000000000534e+01
3.531400000000000006e+01
3.611200000000000188e+01
3.691000000000000369e+01
3.770799999999999841e+01
3.850600000000000023e+01
3.930400000000000205e+01
4.010200000000000387e+01
4.090000000000000568e+01
4.169800000000000040e+01
4.249600000000000222e+01
4.329400000000000404e+01
4.409199999999999875e+01
4.489000000000000057e+01
4.568800000000000239e+01
4.648600000000000421e+01
4.728400000000000603e+01
4.808200000000000074e+01
4.888000000000000256e+01
4.967800000000000438e+01
5.047599999999999909e+01
5.127400000000000091e+01
5.207200000000000273e+01
5.287000000000000455e+01
5.366800000000000637e+01
5.446600000000000108e+01
5.526400000000000290e+01
5.606200000000000472e+01
5.685999999999999943e+01
5.765800000000000125e+01
5.845600000000000307e+01
5.925400000000000489e+01
6.005200000000000671e+01
6.085000000000000142e+01
6.164800000000000324e+01
6.244600000000000506e+01
6.324399999999999977e+01
6.404200000000000159e+01
6.484000000000000341e+01
6.563800000000000523e+01
6.643600000000000705e+01
6.723400000000000887e+01
6.803200000000001069e+01
6.882999999999999829e+01
6.962800000000000011e+01
7.042600000000000193e+01
7.122400000000000375e+01
7.202200000000000557e+01
7.282000000000000739e+01
7.361800000000000921e+01
7.441599999999999682e+01
7.521399999999999864e+01
7.601200000000000045e+01
7.681000000000000227e+01
7.760800000000000409e+01
7.840600000000000591e+01
7.920400000000000773e+01
8.000200000000000955e+01
8.080000000000001137e+01
8.159799999999999898e+01
8.239600000000000080e+01
8.319400000000000261e+01
8.399200000000000443e+01
8.479000000000000625e+01
8.558800000000000807e+01
8.638600000000000989e+01
8.718399999999999750e+01
8.798199999999999932e+01
8.878000000000000114e+01
8.957800000000000296e+01
9.037600000000000477e+01
9.117400000000000659e+01
9.197200000000000841e+01
9.277000000000001023e+01
9.356800000000001205e+01
9.436599999999999966e+01
9.516400000000000148e+01
9.596200000000000330e+01
9.676000000000000512e+01
9.755800000000000693e+01
9.835600000000000875e+01
9.915400000000001057e+01
9.995199999999999818e+01
1.007500000000000000e+02
1.015480000000000018e+02
1.023460000000000036e+02
1.031440000000000055e+02
1.039420000000000073e+02
1.047400000000000091e+02
1.055380000000000109e+02
1.063360000000000127e+02
1.071340000000000003e+02
1.079320000000000022e+02
1.087300000000000040e+02
1.095280000000000058e+02
1.103260000000000076e+02
1.111240000000000094e+02
1.119220000000000113e+02
1.127199999999999989e+02
1.135180000000000007e+02
1.143160000000000025e+02
1.151140000000000043e+02
1.159120000000000061e+02
1.167100000000000080e+02
1.175080000000000098e+02
1.183060000000000116e+02
1.191040000000000134e+02
1.199020000000000010e+02
1.207000000000000028e+02
1.214980000000000047e+02
1.222960000000000065e+02
1.230940000000000083e+02
1.238920000000000101e+02
1.246900000000000119e+02
1.254879999999999995e+02
1.262860000000000014e+02
1.270840000000000032e+02
1.278820000000000050e+02
1.286800000000000068e+02
1.294780000000000086e+02
1.302760000000000105e+02
1.310740000000000123e+02
1.318720000000000141e+02
1.326700000000000159e+02
1.334680000000000177e+02
1.342660000000000196e+02
1.350640000000000214e+02
1.358619999999999948e+02
1.366599999999999966e+02
1.374579999999999984e+02
1.382560000000000002e+02
1.390540000000000020e+02
1.398520000000000039e+02
1.406500000000000057e+02
1.414480000000000075e+02
1.422460000000000093e+02
1.430440000000000111e+02
1.438420000000000130e+02
1.446400000000000148e+02
1.454380000000000166e+02
1.462360000000000184e+02
1.470340000000000202e+02
1.478319999999999936e+02
1.486299999999999955e+02
1.494279999999999973e+02
1.502259999999999991e+02
1.510240000000000009e+02
1.518220000000000027e+02
1.526200000000000045e+02
1.534180000000000064e+02
1.542160000000000082e+02
1.550140000000000100e+02
1.558120000000000118e+02
1.566100000000000136e+02
1.574080000000000155e+02
1.582060000000000173e+02
1.590040000000000191e+02
1.598020000000000209e+02
1.606000000000000227e+02
1.613979999999999961e+02
1.621959999999999980e+02
1.629939999999999998e+02
1.637920000000000016e+02
1.645900000000000034e+02
1.653880000000000052e+02
1.661860000000000070e+02
1.669840000000000089e+02
1.677820000000000107e+02
1.685800000000000125e+02
1.693780000000000143e+02
1.701760000000000161e+02
1.709740000000000180e+02
1.717720000000000198e+02
1.725700000000000216e+02
1.733679999999999950e+02
1.741659999999999968e+02
1.749639999999999986e+02
1.757620000000000005e+02
1.765600000000000023e+02
1.773580000000000041e+02
1.781560000000000059e+02
1.789540000000000077e+02
1.797520000000000095e+02
1.805500000000000114e+02
1.813480000000000132e+02
1.821460000000000150e+02
1.829440000000000168e+02
1.837420000000000186e+02
1.845400000000000205e+02
1.853380000000000223e+02
1.861360000000000241e+02
1.869339999999999975e+02
1.877319999999999993e+02
1.885300000000000011e+02
1.893280000000000030e+02
1.901260000000000048e+02
1.909240000000000066e+02
1.917220000000000084e+02
1.925200000000000102e+02
1.933180000000000121e+02
1.941160000000000139e+02
1.949140000000000157e+02
1.957120000000000175e+02
1.965100000000000193e+02
1.973080000000000211e+02
1.981060000000000230e+02
1.989039999999999964e+02
1.997019999999999982e+02
2.005000000000000000e+02
2.012980000000000018e+02
2.020960000000000036e+02
2.028940000000000055e+02
2.036920000000000073e+02
2.044900000000000091e+02
2.052880000000000109e+02
2.060860000000000127e+02
2.068840000000000146e+02
2.076820000000000164e+02
2.084800000000000182e+02
2.092780000000000200e+02
2.100760000000000218e+02
2.108740000000000236e+02
2.116720000000000255e+02
2.124699999999999989e+02
2.132680000000000007e+02
2.140660000000000025e+02
2.148640000000000043e+02
2.156620000000000061e+02
2.164600000000000080e+02
2.172580000000000098e+02
2.180560000000000116e+02
2.188540000000000134e+02
2.196520000000000152e+02
2.204500000000000171e+02
2.212480000000000189e+02
2.220460000000000207e+02
2.228440000000000225e+02
2.236420000000000243e+02
2.244399999999999977e+02
2.252379999999999995e+02
2.260360000000000014e+02
2.268340000000000032e+02
2.276320000000000050e+02
2.284300000000000068e+02
2.292280000000000086e+02
2.300260000000000105e+02
2.308240000000000123e+02
2.316220000000000141e+02
2.324200000000000159e+02
2.332180000000000177e+02
2.340160000000000196e+02
2.348140000000000214e+02
2.356120000000000232e+02
2.364100000000000250e+02
2.372080000000000268e+02
2.380060000000000002e+02
2.388040000000000020e+02
2.396020000000000039e+02
2.404000000000000057e+02
2.411980000000000075e+02
2.419960000000000093e+02
2.427940000000000111e+02
2.435920000000000130e+02
2.443900000000000148e+02
2.451880000000000166e+02
2.459860000000000184e+02
2.467840000000000202e+02
2.475820000000000221e+02
2.483800000000000239e+02
2.491780000000000257e+02
2.499759999999999991e+02
2.507740000000000009e+02
2.515720000000000027e+02
2.523700000000000045e+02
2.531680000000000064e+02
2.539660000000000082e+02
2.547640000000000100e+02
2.555620000000000118e+02
2.563600000000000136e+02
2.571580000000000155e+02
2.579560000000000173e+02
2.587540000000000191e+02
2.595520000000000209e+02
2.603500000000000227e+02
2.611480000000000246e+02
2.619460000000000264e+02
2.627440000000000282e+02
2.635420000000000300e+02
2.643400000000000318e+02
2.651380000000000337e+02
2.659360000000000355e+02
2.667340000000000373e+02
2.675320000000000391e+02
2.683300000000000409e+02
2.691280000000000427e+02
2.699259999999999877e+02
2.707239999999999895e+02
2.715219999999999914e+02
2.723199999999999932e+02
2.731179999999999950e+02
2.739159999999999968e+02
2.747139999999999986e+02
2.755120000000000005e+02
2.763100000000000023e+02
2.771080000000000041e+02
2.779060000000000059e+02
2.787040000000000077e+02
2.795020000000000095e+02
2.803000000000000114e+02
2.810980000000000132e+02
2.818960000000000150e+02
2.826940000000000168e+02
2.834920000000000186e+02
2.842900000000000205e+02
2.850880000000000223e+02
2.858860000000000241e+02
2.866840000000000259e+02
2.874820000000000277e+02
2.882800000000000296e+02
2.890780000000000314e+02
2.898760000000000332e+02
2.906740000000000350e+02
2.914720000000000368e+02
2.922700000000000387e+02
2.930680000000000405e+02
2.938660000000000423e+02
2.946639999999999873e+02
2.954619999999999891e+02
2.962599999999999909e+02
2.970579999999999927e+02
2.978559999999999945e+02
2.986539999999999964e+02
2.994519999999999982e+02
3.002500000000000000e+02
3.010480000000000018e+02
3.018460000000000036e+02
3.026440000000000055e+02
3.034420000000000073e+02
3.042400000000000091e+02
3.050380000000000109e+02
3.058360000000000127e+02
3.066340000000000146e+02
3.074320000000000164e+02
3.082300000000000182e+02
3.090280000000000200e+02
3.098260000000000218e+02
3.106240000000000236e+02
3.114220000000000255e+02
3.122200000000000273e+02
3.130180000000000291e+02
3.138160000000000309e+02
3.146140000000000327e+02
3.154120000000000346e+02
3.162100000000000364e+02
3.170080000000000382e+02
3.178060000000000400e+02
3.186040000000000418e+02
3.194020000000000437e+02
3.202000000000000455e+02
3.209979999999999905e+02
3.217959999999999923e+02
3.225939999999999941e+02
3.233919999999999959e+02
3.241899999999999977e+02
3.249879999999999995e+02
3.257860000000000014e+02
3.265840000000000032e+02
3.273820000000000050e+02
3.281800000000000068e+02
3.289780000000000086e+02
3.297760000000000105e+02
3.305740000000000123e+02
3.313720000000000141e+02
3.321700000000000159e+02
3.329680000000000177e+02
3.337660000000000196e+02
3.345640000000000214e+02
3.353620000000000232e+02
3.361600000000000250e+02
3.369580000000000268e+02
3.377560000000000286e+02
3.385540000000000305e+02
3.393520000000000323e+02
3.401500000000000341e+02
3.409480000000000359e+02
3.417460000000000377e+02
3.425440000000000396e+02
3.433420000000000414e+02
3.441400000000000432e+02
3.449380000000000450e+02
3.457359999999999900e+02
3.465339999999999918e+02
3.473319999999999936e+02
3.481299999999999955e+02
3.489279999999999973e+02
3.497259999999999991e+02
3.505240000000000009e+02
3.513220000000000027e+02
3.521200000000000045e+02
3.529180000000000064e+02
3.537160000000000082e+02
3.545140000000000100e+02
3.553120000000000118e+02
3.561100000000000136e+02
3.569080000000000155e+02
3.577060000000000173e+02
3.585040000000000191e+02
3.593020000000000209e+02
3.601000000000000227e+02
3.608980000000000246e+02
3.616960000000000264e+02
3.624940000000000282e+02
3.632920000000000300e+02
3.640900000000000318e+02
3.648880000000000337e+02
3.656860000000000355e+02
3.664840000000000373e+02
3.672820000000000391e+02
3.680800000000000409e+02
3.688780000000000427e+02
3.696760000000000446e+02
3.704740000000000464e+02
3.712720000000000482e+02
3.720699999999999932e+02
3.728679999999999950e+02
3.736659999999999968e+02
3.744639999999999986e+02
3.752620000000000005e+02
3.760600000000000023e+02
3.768580000000000041e+02
3.776560000000000059e+02
3.784540000000000077e+02
3.792520000000000095e+02
3.800500000000000114e+02
3.808480000000000132e+02
3.816460000000000150e+02
3.824440000000000168e+02
3.832420000000000186e+02
3.840400000000000205e+02
3.848380000000000223e+02
3.856360000000000241e+02
3.864340000000000259e+02
3.872320000000000277e+02
3.880300000000000296e+02
3.888280000000000314e+02
3.896260000000000332e+02
3.904240000000000350e+02
3.912220000000000368e+02
3.920200000000000387e+02
3.928180000000000405e+02
3.936160000000000423e+02
3.944140000000000441e+02
3.952120000000000459e+02
3.960100000000000477e+02
3.968079999999999927e+02
3.976059999999999945e+02
3.984039999999999964e+02
3.992019999999999982e+02
4.000000000000000000e+02
